starting in fullscreen mode with dimensions 1366x768
compiling vertex shader shaders/VertexShader.glsl:
compiling fragment shader shaders/FragmentShader.glsl:
linking shaders to program
loading model assets/errorModel.obj
loading texture assets/texture.bmp
[ 0, -0.00381756, 0 ]
[ 0, -0.0102596, 0 ]
[ 0, -0.0104134, 0 ]
[ 0, -0.0144098, 0 ]
[ 0, -0.0147504, 0 ]
[ 0, -0.00462039, 0 ]
[ 0, -0.0124217, 0 ]
[ 0, -0.01325, 0 ]
[ 0, -0.013527, 0 ]
[ 0, -0.0132794, 0 ]
[ 0, -0.0168336, 0 ]
[ 0, -0.0145181, 0 ]
[ 0, -0.012093, 0 ]
[ 0, -0.0160191, 0 ]
[ 0, -0.0237502, 0 ]
[ 0, -0.0079258, 0 ]
[ 0, -0.0124291, 0 ]
[ 0, -0.0184747, 0 ]
[ 0, -0.0146195, 0 ]
[ 0, -0.0175051, 0 ]
[ 0, -0.0170248, 0 ]
[ 0, -0.0156593, 0 ]
[ 0, -0.0190041, 0 ]
[ 0, -0.0171226, 0 ]
[ 0, -0.0194803, 0 ]
[ 0, -0.0178836, 0 ]
[ 0, -0.00825493, 0 ]
[ 0, -0.0169102, 0 ]
[ 0, -0.0104744, 0 ]
[ 0, -0.0186312, 0 ]
[ 0, -0.0121604, 0 ]
[ 0, -0.0198896, 0 ]
[ 0, -0.0190223, 0 ]
[ 0, -0.0256441, 0 ]
[ 0, -0.00515254, 0 ]
[ 0, -0.0134329, 0 ]
[ 0, -0.010252, 0 ]
[ 0, -0.0176586, 0 ]
[ 0, -0.012561, 0 ]
[ 0, -0.0194722, 0 ]
[ 0, -0.0153641, 0 ]
[ 0, -0.0217123, 0 ]
[ 0, -0.0203312, 0 ]
[ 0, -0.0258123, 0 ]
[ 0, -0.00552697, 0 ]
[ 0, -0.012956, 0 ]
[ 0, -0.0136097, 0 ]
[ 0, -0.0197225, 0 ]
[ 0, -0.01609, 0 ]
[ 0, -0.0216935, 0 ]
[ 0, -0.0132936, 0 ]
[ 0, -0.0191649, 0 ]
[ 0, -0.0188092, 0 ]
[ 0, -0.0237249, 0 ]
[ 0, -0.012177, 0 ]
[ 0, -0.0179518, 0 ]
[ 0, -0.0168443, 0 ]
[ 0, -0.021787, 0 ]
[ 0, -0.0166514, 0 ]
[ 0, -0.0215, 0 ]
[ 0, -0.0167687, 0 ]
[ 0, -0.0214804, 0 ]
[ 0, -0.0175325, 0 ]
[ 0, -0.0220115, 0 ]
[ 0, -0.00802977, 0 ]
[ 0, -0.0152087, 0 ]
[ 0, -0.0199381, 0 ]
[ 0, -0.0124939, 0 ]
[ 0, -0.0191328, 0 ]
[ 0, -0.0231415, 0 ]
[ 0, -0.00912082, 0 ]
[ 0, -0.0158385, 0 ]
[ 0, -0.020263, 0 ]
[ 0, -0.0113529, 0 ]
[ 0, -0.0177109, 0 ]
[ 0, -0.0217392, 0 ]
[ 0, -0.0134297, 0 ]
[ 0, -0.0194425, 0 ]
[ 0, -0.0230993, 0 ]
[ 0, -0.0116248, 0 ]
[ 0, -0.0176206, 0 ]
[ 0, -0.0214771, 0 ]
[ 0, -0.0136269, 0 ]
[ 0, -0.019291, 0 ]
[ 0, -0.0227892, 0 ]
[ 0, -0.0137405, 0 ]
[ 0, -0.0192386, 0 ]
[ 0, -0.0226596, 0 ]
[ 0, -0.0205626, 0 ]
[ 0, -0.0253098, 0 ]
[ 0, -0.0276619, 0 ]
[ 0, -0.00486489, 0 ]
[ 0, -0.0108653, 0 ]
[ 0, -0.0154979, 0 ]
[ 0, -0.0147114, 0 ]
[ 0, -0.0196864, 0 ]
[ 0, -0.0227906, 0 ]
[ 0, -0.0159127, 0 ]
[ 0, -0.0206433, 0 ]
[ 0, -0.0235155, 0 ]
[ 0, -0.0161207, 0 ]
[ 0, -0.0207021, 0 ]
[ 0, -0.0234932, 0 ]
[ 0, -0.0133247, 0 ]
[ 0, -0.0180432, 0 ]
[ 0, -0.0212067, 0 ]
[ 0, -0.016828, 0 ]
[ 0, -0.0210949, 0 ]
[ 0, -0.0236816, 0 ]
[ 0, -0.0141432, 0 ]
[ 0, -0.018551, 0 ]
[ 0, -0.0214989, 0 ]
[ 0, -0.018241, 0 ]
[ 0, -0.0221411, 0 ]
[ 0, -0.0244229, 0 ]
[ 0, -0.01378, 0 ]
[ 0, -0.0180074, 0 ]
[ 0, -0.020926, 0 ]
[ 0, -0.0202042, 0 ]
[ 0, -0.0236953, 0 ]
[ 0, -0.0255931, 0 ]
[ 0, -0.0137806, 0 ]
[ 0, -0.0178089, 0 ]
[ 0, -0.0206499, 0 ]
shutting down graphics manager
